1;1
2;2
3;12
4;288
5;34560
6;24883200
7;125411328000
8;5056584744960000
9;1834933472251084800000
10;6658606584104736522240000000
11;265790267296391946810949632000000000
12;127313963299399416749559771247411200000000000
13;792786697595796795607377086400871488552960000000000000
14;69113789582492712943486800506462734562847413501952000000000000000
15;90378331112371142262979521568630736335023247731599748366336000000000000000000
16;1890966832292234727042877370627225068196418587883634153182519380410368000000000000000000000
17;672593129192865130334217631473916658864122332882577979675277211683839238972899328000000000000000000000000
18;4306192564997715382115598640379294845786123319603755168023536027873932927153136831171640950784000000000000000000000000000
19;523827226948912906162136183269887782788685420217963126789982275317725639664591791615428617583779071590924288000000000000000000000000000000
20;1274420312381610764187232669591245728094053576480399681464607478621086015845192873311847341571189522511934190056991170232320000000000000000000000000000000000
21;65111334482340755583337032079153276047018894694274871209973336023462275586396482041798135409436085152342597056410325664391109570976337100800000000000000000000000000000000000000
22;73185187344722251685917129061596359994436879170423331597220791224873045503248922811481956548134913475324429128068839519292427638045690327208977109451014144000000000000000000000000000000000000000000
23;1891984688274192607739481159411532607771433686902374691017403396401535783431356418138933900060697141172863325793213721068660204501893619736331984249640376781921613013749596160000000000000000000000000000000000000000000000
24;1173878875943484045145854663582065069715341161356797835752331993963556125154689322181575091217882971654578156844286587738831291224576726252820647026675651753423450654917092461536374019784808857600000000000000000000000000000000000000000000000000
25;18208281810188658276327614252643415193394793745060606890429618992193283129810291626991262221974029109363817787141461966252773116546051694612770469960217933012913302274713118105435774192291006757570987304784651878400000000000000000000000000000000000000000000000000000000
26;7343244575835979773361426394615625529240080651911303827118013756998588507133433307910669924513634706799292902446390806879822780229775160924771413690082976195597708144958301470585112704676289169327783424988568398136986317713011480985600000000000000000000000000000000000000000000000000000000000000
27;79959631528770670600322037454897824976792430707106611658531105568420623057823058204406300276129173697769238298117257446827525920399207590372612824866949329475045338094293229818656245740234951168513312204538663055609170465072773314478245835098717506292940800000000000000000000000000000000000000000000000000000000000000000000
28;24378759692569493001843754884245889709720110123963670883808668267742801150073945462248212671568308430773839473807128215512114800359197934772179842358860234182649345336155492659539815888875032454531949849910359883836215115120785688966546366708482811138722465511411531795422982963200000000000000000000000000000000000000000000000000000000000000000000000000
29;215551190904274323928924367943222430700137095451739175565450519136588260899040178316841478424566695269089767808576345615153945752404719288134605257465113604136602603261108922442719744278826536334531599709796863580066482222372814044233417149800595451399256699593376354273158453301367277680488410399322931200000000000000000000000000000000000000000000000000000000000000000000000000000000
30;57175569823282309673298891912264119180169338781118332321743291765076321254008144131396872292078960659959192198325482132911362592729947392123616011917207641789593790073387400532018296722819386985076346340934659795268591139042209969034895073212504395046756930539546289465059561315582970257772481700025401546634100853798576981016576000000000000000000000000000000000000000000000000000000000000000000000000000000000000000